0 9261
1 693
2 705
3 7282
4 7273
5 690
6 7285
7 7267
8 703
9 691
10 6885
11 7444
12 7449
13 681
14 7450
15 7080
16 7269
17 680
18 662
19 6422
20 5193
21 8122
22 725
23 8080
24 8079
25 711
26 706
27 707
28 715
29 8111
30 670
31 9252
32 6705
33 672
34 676
35 666
36 684
37 689
38 7287
39 10569
40 12169
41 19067
42 12264
43 19747
44 12271
45 12281
46 14120
47 12576
48 3926
49 13831
50 4491
51 19703
52 19704
53 12702
54 4490
55 12691
56 14097
57 18366
58 3389
59 11813
60 3378
61 19791
62 19917
63 12103
64 18805
65 12203
66 3835
67 3842
68 13564
69 3843
70 12247
71 12484
72 3822
73 12228
74 19463
75 12229
76 18753
77 13245
78 13537
79 3826
80 13286
81 19319
82 13262
83 14355
84 18794
85 19935
86 14358
87 12457
88 3516
89 12035
90 3518
91 18824
92 19311
93 13131
94 13212
95 13191
96 19289
97 13176
98 18797
99 18796
100 12185
101 18760
102 18733
103 19265
104 19292
105 13174
106 19264
107 19291
108 19290
109 18640
110 11669
111 18590
112 11731
113 11814
114 3429
115 19924
116 11638
117 12945
118 18576
119 11661
120 12947
121 12984
122 12949
123 11636
124 12234
125 12494
126 18813
127 18921
128 12493
129 12473
130 10565
131 18002
132 18742
133 12562
134 13801
135 18948
136 12629
137 13279
138 3889
139 12632
140 13297
141 13278
142 13300
143 3580
144 12565
145 13772
146 13784
147 12115
148 3492
149 11969
150 18810
151 13808
152 13740
153 12144
154 3687
155 18779
156 12489
157 18971
158 12604
159 11884
160 3876
161 18767
162 11616
163 12290
164 18839
165 12062
166 11948
167 2711
168 12125
169 3965
170 12128
171 19094
172 19921
173 18585
174 18593
175 11734
176 11808
177 11851
178 4023
179 18711
180 3479
181 11965
182 3473
183 19918
184 18694
185 18693
186 13086
187 19266
188 11691
189 19159
190 3330
191 11713
192 11666
193 18614
194 19925
195 18578
196 11789
197 11954
198 18714
199 11625
200 3294
201 18703
202 3613
203 4315
204 18727
205 12013
206 3707
207 18772
208 18533
209 11594
210 3465
211 10518
212 18017
213 10399
214 18031
215 10369
216 10340
217 17930
218 10413
219 2724
220 17975
221 2681
222 2662
223 10331
224 2720
225 2722
226 10439
227 2669
228 10348
229 18551
230 12716
231 12718
232 19040
233 12722
234 3293
235 14229
236 2703
237 19252
238 13190
239 13123
240 13126
241 13127
242 4258
243 13070
244 4133
245 19152
246 12822
247 13011
248 12855
249 19103
250 13136
251 13093
252 13097
253 19242
254 19272
255 4268
256 4269
257 11770
258 11753
259 14348
260 3319
261 13222
262 13045
263 4123
264 4120
265 12987
266 11784
267 18608
268 14347
269 3318
270 13221
271 13042
272 12953
273 12895
274 19165
275 4094
276 19183
277 4060
278 4163
279 13229
280 3313
281 3879
282 3422
283 18661
284 19927
285 3322
286 13223
287 13040
288 4124
289 4125
290 12973
291 14332
292 4598
293 3515
294 13293
295 18384
296 14362
297 18821
298 3850
299 12643
300 18972
301 19330
302 18925
303 19001
304 3953
305 12848
306 12982
307 12452
308 18759
309 12032
310 3551
311 3622
312 12010
313 3530
314 18785
315 18919
316 13267
317 12058
318 13744
319 4469
320 12209
321 3668
322 13763
323 11998
324 12085
325 3848
326 12124
327 11957
328 18706
329 18707
330 18008
331 10406
332 10402
333 19032
334 18715
335 3512
336 19926
337 18627
338 18615
339 11861
340 18624
341 18626
342 18646
343 11834
344 11779
345 18606
346 11766
347 18905
348 11922
349 3468
350 2726
351 10423
352 10493
353 19047
354 3462
355 12760
356 14056
357 12305
358 4483
359 19620
360 4420
361 12612
362 3868
363 12510
364 3918
365 12598
366 13797
367 12622
368 12606
369 12506
370 3932
371 12615
372 3870
373 3541
374 18922
375 19853
376 2889
377 3650
378 3648
379 18791
380 13755
381 19590
382 19599
383 13769
384 19598
385 13865
386 13920
387 18990
388 12750
389 11947
390 11612
391 10342
392 14981
393 19138
394 4219
395 19217
396 19304
397 3341
398 3342
399 4608
400 3359
401 11740
402 11743
403 11805
404 12833
405 12868
406 12901
407 4159
408 11704
409 11703
410 18594
411 3388
412 3387
413 3442
414 19793
415 12766
416 4043
417 14116
418 12744
419 4579
420 11981
421 11629
422 18561
423 10360
424 17945
425 17955
426 4523
427 12218
428 11990
429 12043
430 18904
431 12446
432 13890
433 13787
434 19601
435 12783
436 19071
437 19073
438 14330
439 3535
440 12003
441 3836
442 13553
443 3824
444 3542
445 18939
446 18940
447 14213
448 3346
449 14195
450 14146
451 14209
452 19842
453 14201
454 14194
455 3350
456 11604
457 11687
458 19852
459 12758
460 11693
461 18577
462 4957
463 12460
464 10392
465 2700
466 10581
467 10586
468 10354
469 2674
470 17938
471 10444
472 10446
473 10580
474 2670
475 10579
476 11727
477 14176
478 14178
479 14199
480 14135
481 14197
482 11694
483 14192
484 3357
485 18817
486 3570
487 12225
488 19472
489 5388
490 1113
491 7639
492 1170
493 17193
494 7109
495 7122
496 9016
497 7434
498 9023
499 8728
500 8874
501 17149
502 7528
503 7564
504 8875
505 7551
506 8994
507 844
508 16098
509 833
510 17237
511 6992
512 6939
513 16251
514 7043
515 8454
516 1297
517 8462
518 1298
519 7089
520 16384
521 1277
522 7065
523 16909
524 7071
525 16199
526 8127
527 8436
528 1281
529 8170
530 16765
531 8145
532 9258
533 16240
534 17381
535 9264
536 7314
537 971
538 6870
539 973
540 16270
541 16757
542 1717
543 8094
544 1716
545 8096
546 8048
547 16243
548 16242
549 16241
550 16206
551 16179
552 16711
553 8101
554 8050
555 8051
556 8100
557 16736
558 16086
559 6488
560 16036
561 16045
562 6636
563 884
564 17370
565 6457
566 1586
567 6499
568 6482
569 1511
570 7835
571 1512
572 16744
573 7075
574 7350
575 16259
576 16367
577 7347
578 7331
579 143
580 15448
581 16188
582 17041
583 8697
584 16394
585 7489
586 8161
587 1344
588 7495
589 8179
590 8162
591 8182
592 1035
593 1361
594 8671
595 8680
596 6953
597 6943
598 6806
599 16256
600 8706
601 8638
602 6980
603 1142
604 16225
605 7346
606 16417
607 7466
608 6717
609 1331
610 16213
611 6438
612 7130
613 16285
614 6900
615 6785
616 85
617 6964
618 7676
619 6967
620 7138
621 9242
622 6520
623 16039
624 6557
625 6630
626 6677
627 1478
628 16157
629 934
630 6801
631 6767
632 6766
633 6764
634 16139
635 16751
636 8055
637 6494
638 1556
639 6479
640 6533
641 6484
642 16060
643 6470
644 16024
645 6612
646 16150
647 16160
648 6445
649 749
650 16149
651 1068
652 1770
653 16173
654 6848
655 8173
656 16218
657 6416
658 920
659 5333
660 15463
661 5213
662 6444
663 5158
664 15997
665 7577
666 7579
667 16486
668 7583
669 748
670 9130
671 16698
672 16714
673 7991
674 7995
675 8000
676 7999
677 1670
678 16572
679 16598
680 16599
681 7685
682 7880
683 7717
684 7700
685 7965
686 1685
687 1689
688 16688
689 16718
690 8056
691 8057
692 6590
693 6573
694 9251
695 774
696 8102
697 1621
698 1578
699 1575
700 7852
701 6609
702 16054
703 859
704 773
705 8103
706 1620
707 1577
708 1576
709 16611
710 1549
711 7878
712 7688
713 7815
714 16743
715 6455
716 1334
717 877
718 16107
719 6686
720 777
721 8104
722 1619
723 1579
724 1580
725 16610
726 9237
727 2055
728 970
729 8175
730 5429
731 9268
732 16267
733 1305
734 7503
735 16418
736 16776
737 16371
738 16447
739 1408
740 7708
741 16564
742 7309
743 16205
744 6867
745 1006
746 1077
747 6844
748 985
749 16231
750 16365
751 8151
752 6898
753 8640
754 1924
755 7049
756 1123
757 17033
758 6833
759 6919
760 1303
761 6959
762 6794
763 16152
764 16153
765 15454
766 16478
767 6808
768 6811
769 6468
770 6625
771 6594
772 6688
773 16070
774 16072
775 6621
776 907
777 6598
778 16052
779 16058
780 16351
781 6757
782 923
783 5310
784 7599
785 917
786 7623
787 8955
788 1191
789 9193
790 17066
791 1875
792 1384
793 1323
794 7364
795 1373
796 7459
797 8696
798 16435
799 7468
800 7361
801 8723
802 7477
803 1325
804 996
805 16368
806 7621
807 6165
808 1105
809 1103
810 16237
811 8652
812 17036
813 17045
814 8666
815 17044
816 8763
817 8817
818 16436
819 7614
820 6781
821 6435
822 199
823 16659
824 16666
825 1662
826 6740
827 6492
828 9241
829 6517
830 6559
831 6562
832 6563
833 6628
834 7696
835 16559
836 16597
837 16643
838 811
839 16032
840 16040
841 843
842 842
843 897
844 17239
845 7626
846 1498
847 17223
848 7606
849 2035
850 6817
851 6450
852 16007
853 15401
854 9025
855 1144
856 6827
857 6878
858 6880
859 7302
860 8789
861 8685
862 17047
863 7643
864 16517
865 16519
866 9232
867 990
868 6836
869 1291
870 8450
871 1279
872 997
873 16385
874 16386
875 9115
876 801
877 9098
878 9045
879 9112
880 17288
881 9102
882 9094
883 805
884 6426
885 16026
886 6515
887 16023
888 5403
889 44
890 17301
891 6548
892 17257
893 9078
894 9100
895 9033
896 9099
897 6514
898 9096
899 812
900 16263
901 1025
902 7068
903 16918
904 11241
905 15261
906 15532
907 6567
908 854
909 17253
910 9062
911 9059
912 6662
913 6661
914 11838
915 11837
916 14158
917 14162
918 19807
919 3399
920 11746
921 18086
922 14189
923 19808
924 3364
925 11654
926 10327
927 2653
928 10624
929 18064
930 18054
931 18052
932 4567
933 14130
934 11653
935 17927
936 2652
937 10622
938 18051
939 10390
940 17980
941 5209
942 15482
943 119
944 16094
945 10584
946 18036
947 10394
948 10386
949 10384
950 18007
951 18012
952 10486
953 17998
954 10489
955 17948
956 5197
957 15394
958 5306
959 15444
960 5304
961 15458
962 15453
963 5198
964 5201
965 5274
966 15812
967 10617
968 10456
969 16097
970 6641
971 6640
972 6615
973 6616
974 16090
975 6700
976 11831
977 3410
978 11792
979 11818
980 11817
981 3426
982 866
983 6586
984 11762
985 3411
986 18636
987 11820
988 3417
989 14156
990 17254
991 9052
992 875
993 6647
994 6646
995 11824
996 11823
997 18648
998 3420
999 5434
1000 5422
1001 15500
1002 15510
1003 5442
1004 27
1005 5138
1006 6476
1007 819
1008 5208
1009 15426
1010 5268
1011 5399
1012 15477
1013 5182
1014 5150
1015 15376
1016 5221
1017 5230
1018 98
1019 15421
1020 5241
1021 15391
1022 5161
1023 2746
1024 5153
1025 5164
1026 15398
1027 5206
1028 5261
1029 5259
1030 5397
1031 77
1032 55
1033 5147
1034 5141
1035 5216
1036 94
1037 96
1038 5256
1039 100
1040 5171
1041 3
1042 15384
1043 48
1044 7316
1045 7619
1046 17298
1047 6682
1048 6648
1049 6707
1050 6643
1051 6642
1052 872
1053 9054
1054 2023
1055 9028
1056 6472
1057 15373
1058 26
1059 5439
1060 15497
1061 9274
1062 7636
1063 1213
1064 7177
1065 7168
1066 8940
1067 17401
1068 2008
1069 9283
1070 9284
1071 9285
1072 17405
1073 7180
1074 16301
1075 1201
1076 1187
1077 16295
1078 7197
1079 7210
1080 7213
1081 1393
1082 9173
1083 17322
1084 9273
1085 3662
1086 19946
1087 4627
1088 19873
1089 14303
1090 12370
1091 18866
1092 19966
1093 19091
1094 12293
1095 12312
1096 12315
1097 12338
1098 19959
1099 4641
1100 4640
1101 14084
1102 4553
1103 14375
1104 19954
1105 12328
1106 3769
1107 3758
1108 3659
1109 17197
1110 17195
1111 7618
1112 1179
1113 7113
1114 1178
1115 1169
1116 17079
1117 8740
1118 17076
1119 8766
1120 1980
1121 17108
1122 1990
1123 8893
1124 17138
1125 1439
1126 1440
1127 17133
1128 8848
1129 8850
1130 8852
1131 17200
1132 2031
1133 19754
1134 4575
1135 19751
1136 19749
1137 12756
1138 3724
1139 12275
1140 3723
1141 12262
1142 19633
1143 13842
1144 19630
1145 13868
1146 13927
1147 13908
1148 4535
1149 13995
1150 19692
1151 3984
1152 3985
1153 13948
1154 13952
1155 13950
1156 13953
1157 2011
1158 9002
1159 8937
1160 16530
1161 16529
1162 1214
1163 7637
1164 1116
1165 1336
1166 9164
1167 17423
1168 9216
1169 2112
1170 9294
1171 1197
1172 16456
1173 1947
1174 1946
1175 16469
1176 16470
1177 7553
1178 17212
1179 1454
1180 9004
1181 14106
1182 14113
1183 19766
1184 19085
1185 12703
1186 4004
1187 12696
1188 12668
1189 12665
1190 12814
1191 14388
1192 14390
1193 14393
1194 14397
1195 14262
1196 12580
1197 12820
1198 19080
1199 12802
1200 12803
1201 19084
1202 14037
1203 19770
1204 14103
1205 4305
1206 1760
1207 6511
1208 16741
1209 16034
1210 18588
1211 11689
1212 11662
1213 6384
1214 6060
1215 10204
1216 2460
1217 1567
1218 12983
1219 19153
